0,0,-1,7,20,6,20,11111111111111111111
Ø&ùçý,,0,0,0,0
Ø&ùçý,,0,0,0,0
Ø&ùçý,,0,0,0,0
Ø&ùçý,,0,0,0,0
Ø&ùçý,,0,0,0,0
Ø&ùçý,,0,0,0,0
Ø&ùçý,,0,0,0,0
Ø&ùçý,,0,0,0,0
Ø&ùçý,,0,0,0,0
Ø&ùçý,,0,0,0,0
Ø&ùçý,,0,0,0,0
Ø&ùçý,,0,0,0,0
Ø&ùçý,,0,0,0,0
Ø&ùçý,,0,0,0,0
Ø&ùçý,,0,0,0,0
Ø&ùçý,,0,0,0,0
Ø&ùçý,,0,0,0,0
Ø&ùçý,,0,0,0,0
Ø&ùçý,,0,0,0,0
Ø&ùçý,,0,0,0,0
1919906899,29541,5,-1,19,6,20,11111111111111111110
Ø&ùçý,,0,0,0,0
Ø&ùçý,,0,0,0,0
Ø&ùçý,,0,0,0,0
Ø&ùçý,,0,0,0,0
Ø&ùçý,,0,0,0,0
Ø&ùçý,,0,0,0,0
Ø&ùçý,,0,0,0,0
Ø&ùçý,,0,0,0,0
Ø&ùçý,,0,0,0,0
Ø&ùçý,,0,0,0,0
Ø&ùçý,,0,0,0,0
Ø&ùçý,,0,0,0,0
Ø&ùçý,,0,0,0,0
Ø&ùçý,,0,0,0,0
Ø&ùçý,,0,0,0,0
Ø&ùçý,,0,0,0,0
Ø&ùçý,,0,0,0,0
Ø&ùçý,,0,0,0,0
Ø&ùçý,,0,0,0,0
NULL,NULL,0,0,0,0
